Known optimum reached.
Time,Quality,AMs
130,0.7633333333333336,61
506,0.7633333333333338,61
969,0.7633333333333338,61
1479,0.826666666666667,62
1891,0.826666666666667,62
2418,0.826666666666667,62
2988,0.836666666666667,63
Known optimum reached.
Time,Quality,AMs
130,0.7866666666666668,62
503,0.7866666666666668,62
965,0.7866666666666668,62
1480,0.836666666666667,63
Known optimum reached.
Time,Quality,AMs
128,0.7833333333333338,61
501,0.7833333333333338,61
962,0.7833333333333338,61
1475,0.836666666666667,63
Known optimum reached.
Time,Quality,AMs
128,0.7766666666666668,59
503,0.7766666666666668,59
961,0.7766666666666668,59
1473,0.8133333333333336,60
1873,0.8133333333333336,60
2378,0.8133333333333336,60
2930,0.836666666666667,63
Known optimum reached.
Time,Quality,AMs
131,0.79,59
505,0.79,59
974,0.79,59
1482,0.8300000000000004,63
1880,0.8300000000000004,63
2388,0.8300000000000004,63
2944,0.836666666666667,63
Known optimum reached.
Time,Quality,AMs
128,0.7700000000000001,55
492,0.7700000000000001,55
943,0.7700000000000001,55
1438,0.8233333333333337,63
1839,0.8233333333333337,63
2340,0.8233333333333337,63
2892,0.836666666666667,63
Known optimum reached.
Time,Quality,AMs
132,0.8000000000000003,62
504,0.8000000000000003,62
955,0.8000000000000003,62
1462,0.836666666666667,63
Known optimum reached.
Time,Quality,AMs
129,0.8000000000000002,64
510,0.8000000000000002,64
982,0.8000000000000002,64
1505,0.836666666666667,63
Known optimum reached.
Time,Quality,AMs
129,0.7633333333333335,57
497,0.7633333333333335,57
952,0.7633333333333335,57
1459,0.8066666666666669,58
1857,0.8066666666666669,58
2360,0.8066666666666669,58
2910,0.836666666666667,63
Known optimum reached.
Time,Quality,AMs
127,0.7733333333333338,58
498,0.7733333333333338,58
958,0.7733333333333338,58
1480,0.8133333333333337,58
1881,0.8133333333333337,58
2389,0.8133333333333337,58
2943,0.8200000000000004,62
3378,0.8200000000000004,62
3931,0.8200000000000004,62
4543,0.8200000000000004,62
5007,0.8200000000000004,62
5609,0.8200000000000004,62
6256,0.836666666666667,63
Known optimum reached.
Time,Quality,AMs
127,0.7800000000000007,62
501,0.7800000000000007,62
969,0.7800000000000007,62
1475,0.8333333333333337,64
1879,0.8333333333333337,64
2399,0.8333333333333337,64
2963,0.836666666666667,63
Known optimum reached.
Time,Quality,AMs
130,0.7866666666666668,60
506,0.7866666666666668,60
968,0.7866666666666668,60
1481,0.836666666666667,63
Known optimum reached.
Time,Quality,AMs
128,0.7833333333333337,63
495,0.7833333333333337,63
957,0.7833333333333337,63
1474,0.8166666666666671,63
1878,0.8166666666666671,63
2389,0.8166666666666671,63
2956,0.836666666666667,63
Known optimum reached.
Time,Quality,AMs
129,0.7666666666666667,60
501,0.7666666666666667,60
960,0.7666666666666667,60
1468,0.836666666666667,63
Known optimum reached.
Time,Quality,AMs
127,0.7600000000000002,60
493,0.7600000000000002,60
950,0.7600000000000002,60
1450,0.816666666666667,59
1847,0.816666666666667,59
2348,0.816666666666667,59
2905,0.8300000000000004,63
3336,0.8300000000000004,63
3887,0.8300000000000004,63
4489,0.836666666666667,63
Known optimum reached.
Time,Quality,AMs
131,0.7600000000000003,58
497,0.7600000000000003,58
962,0.7600000000000003,58
1462,0.8233333333333337,63
1862,0.8233333333333337,63
2368,0.8233333333333337,63
2933,0.836666666666667,63
Known optimum reached.
Time,Quality,AMs
126,0.7766666666666666,61
492,0.7766666666666666,61
955,0.7766666666666666,61
1464,0.8300000000000003,63
1867,0.8300000000000003,63
2390,0.8300000000000003,63
2960,0.836666666666667,63
Known optimum reached.
Time,Quality,AMs
127,0.7800000000000004,60
498,0.7800000000000004,60
953,0.7800000000000004,60
1460,0.8266666666666671,62
1865,0.8266666666666671,62
2371,0.8266666666666671,62
2932,0.836666666666667,63
Maximum time exceeded.
Time,Quality,AMs
131,0.7666666666666667,56
499,0.7666666666666667,56
959,0.7666666666666667,56
1466,0.8100000000000004,61
1870,0.8100000000000004,61
2383,0.8100000000000004,61
2931,0.8100000000000004,61
3363,0.8100000000000004,61
3914,0.8100000000000004,61
4523,0.8333333333333337,64
4997,0.8333333333333337,64
5600,0.8333333333333337,64
6257,0.8333333333333337,64
6752,0.8333333333333337,64
7402,0.8333333333333337,64
8111,0.8333333333333337,64
8644,0.8333333333333337,64
9361,0.8333333333333337,64
10120,0.8333333333333337,64
Known optimum reached.
Time,Quality,AMs
131,0.7866666666666668,60
500,0.7866666666666668,60
951,0.7866666666666668,60
1455,0.836666666666667,63
