Known optimum reached.
Time,Quality,AMs
108,0.6220000000000003,43
373,0.5600000000000003,36
867,0.7260000000000004,45
Maximum time exceeded.
Time,Quality,AMs
105,0.6180000000000003,39
368,0.5580000000000003,35
849,0.7000000000000004,42
1111,0.6240000000000003,38
1454,0.6240000000000003,38
1858,0.6240000000000003,38
2104,0.5560000000000003,34
2619,0.7000000000000004,42
2872,0.6520000000000004,38
3205,0.7000000000000004,42
3585,0.7000000000000004,42
3820,0.6320000000000003,38
4257,0.7000000000000005,42
4499,0.6520000000000004,38
4824,0.6540000000000005,43
5191,0.6540000000000005,43
5426,0.5860000000000003,39
6040,0.6960000000000004,42
6281,0.6480000000000005,38
6602,0.7000000000000004,42
6969,0.7000000000000004,42
7199,0.6200000000000003,38
7624,0.7080000000000004,44
7862,0.6360000000000003,40
8201,0.7000000000000005,42
8572,0.7000000000000005,42
8807,0.6440000000000005,38
9252,0.7000000000000005,42
9495,0.6320000000000003,38
9910,0.7140000000000004,45
Known optimum reached.
Time,Quality,AMs
108,0.6580000000000004,45
367,0.5800000000000003,38
870,0.7140000000000004,45
1132,0.6620000000000004,41
1479,0.6620000000000004,41
1875,0.6620000000000004,41
2123,0.5940000000000003,37
2567,0.7260000000000004,45
Known optimum reached.
Time,Quality,AMs
101,0.6240000000000003,38
359,0.5680000000000003,36
821,0.7220000000000004,45
1075,0.6540000000000004,41
1412,0.6540000000000004,41
1803,0.6540000000000004,41
2044,0.5860000000000003,37
2531,0.7220000000000004,45
2779,0.6500000000000004,41
3110,0.6500000000000004,41
3484,0.6500000000000004,41
3720,0.5940000000000003,37
4198,0.7260000000000004,45
Known optimum reached.
Time,Quality,AMs
106,0.6460000000000004,41
371,0.5720000000000004,38
839,0.7080000000000004,44
1104,0.6480000000000004,40
1453,0.6480000000000004,40
1863,0.6480000000000004,40
2103,0.6040000000000003,36
2555,0.7220000000000004,45
2808,0.6580000000000004,41
3140,0.7220000000000004,45
3528,0.7220000000000004,45
3776,0.6660000000000004,41
4221,0.7260000000000004,43
Known optimum reached.
Time,Quality,AMs
109,0.6380000000000003,39
373,0.5660000000000003,35
864,0.7000000000000004,42
1127,0.6320000000000003,38
1474,0.6320000000000003,38
1869,0.6320000000000003,38
2114,0.5640000000000003,34
2615,0.7120000000000004,40
2887,0.6400000000000003,36
3224,0.6400000000000003,36
3611,0.6400000000000003,36
3893,0.5760000000000003,32
4468,0.7160000000000004,42
4756,0.6520000000000005,38
5094,0.6940000000000004,45
5462,0.6940000000000004,45
5698,0.6380000000000003,41
6124,0.7260000000000004,45
Known optimum reached.
Time,Quality,AMs
105,0.6380000000000003,39
378,0.5740000000000003,35
865,0.7180000000000004,45
1133,0.6580000000000004,41
1499,0.6580000000000004,41
1917,0.6580000000000004,41
2172,0.5820000000000003,37
2663,0.7260000000000004,45
Known optimum reached.
Time,Quality,AMs
112,0.6400000000000003,42
376,0.5800000000000003,36
897,0.7140000000000004,45
1167,0.6380000000000003,41
1535,0.6380000000000003,41
1942,0.6380000000000003,41
2187,0.5760000000000003,36
2648,0.7040000000000004,42
2903,0.6480000000000004,38
3241,0.6500000000000004,43
3633,0.6500000000000004,43
3878,0.5920000000000003,34
4336,0.7120000000000004,40
4584,0.6360000000000003,36
4913,0.6620000000000005,41
5279,0.6620000000000005,41
5508,0.6100000000000003,37
5994,0.7020000000000004,43
6231,0.6140000000000003,39
6552,0.6480000000000004,40
6917,0.6480000000000004,40
7148,0.5780000000000003,35
7569,0.7040000000000004,42
7803,0.6320000000000003,38
8134,0.7180000000000004,45
8496,0.7180000000000004,45
8731,0.6620000000000005,41
9175,0.7260000000000004,45
Known optimum reached.
Time,Quality,AMs
105,0.6460000000000004,41
367,0.5780000000000003,37
851,0.7260000000000004,43
Known optimum reached.
Time,Quality,AMs
102,0.6400000000000003,44
365,0.5920000000000003,40
833,0.7140000000000004,45
1095,0.6740000000000003,41
1439,0.6740000000000003,41
1838,0.6740000000000003,41
2078,0.6340000000000003,37
2528,0.7260000000000004,45
Known optimum reached.
Time,Quality,AMs
106,0.6440000000000003,42
370,0.5880000000000003,38
887,0.7260000000000004,45
Known optimum reached.
Time,Quality,AMs
106,0.6560000000000004,42
378,0.5960000000000003,38
868,0.7040000000000004,42
1132,0.6400000000000003,38
1481,0.6400000000000003,38
1883,0.6400000000000003,38
2128,0.5800000000000003,34
2631,0.7120000000000004,40
2879,0.6560000000000004,36
3208,0.6560000000000004,36
3594,0.6560000000000004,36
3829,0.5880000000000003,32
4254,0.7260000000000004,43
Known optimum reached.
Time,Quality,AMs
106,0.6160000000000004,42
368,0.5640000000000003,38
922,0.6980000000000004,43
1183,0.6260000000000003,39
1524,0.6260000000000003,39
1921,0.6260000000000003,39
2164,0.5700000000000002,35
2626,0.7140000000000004,43
2872,0.6380000000000003,39
3204,0.6380000000000003,39
3578,0.6380000000000003,39
3816,0.5820000000000002,35
4276,0.7260000000000004,45
Known optimum reached.
Time,Quality,AMs
104,0.6260000000000003,41
371,0.5700000000000002,37
881,0.7040000000000004,44
1144,0.6520000000000004,40
1490,0.6520000000000004,40
1894,0.6520000000000004,40
2137,0.5960000000000003,36
2605,0.7260000000000004,43
Known optimum reached.
Time,Quality,AMs
103,0.6120000000000003,42
365,0.5400000000000003,32
868,0.7260000000000004,45
Known optimum reached.
Time,Quality,AMs
103,0.6500000000000004,41
365,0.5700000000000003,35
856,0.6880000000000004,42
1116,0.6320000000000002,38
1456,0.6320000000000002,38
1864,0.6320000000000002,38
2105,0.5800000000000002,34
2577,0.6960000000000004,42
2823,0.6320000000000003,38
3151,0.6320000000000003,38
3527,0.6320000000000003,38
3755,0.5900000000000003,37
4209,0.7020000000000004,43
4445,0.6220000000000003,39
4767,0.6500000000000004,41
5135,0.6500000000000004,41
5365,0.5700000000000003,37
5853,0.6800000000000004,44
6088,0.6040000000000004,40
6406,0.6280000000000003,42
6767,0.6280000000000003,42
6993,0.5840000000000003,38
7459,0.7180000000000004,45
7699,0.6700000000000004,41
8027,0.6960000000000004,42
8390,0.6960000000000004,42
8625,0.6320000000000005,38
9058,0.7160000000000004,44
9296,0.6560000000000004,40
9626,0.7260000000000004,45
Known optimum reached.
Time,Quality,AMs
110,0.6420000000000003,41
371,0.5780000000000003,37
856,0.7060000000000004,43
1121,0.6340000000000003,39
1462,0.6340000000000003,39
1862,0.6340000000000003,39
2107,0.5860000000000003,37
2574,0.7060000000000004,45
2828,0.6180000000000003,41
3157,0.6260000000000003,41
3539,0.6260000000000003,41
3773,0.5540000000000004,37
4288,0.6980000000000005,43
4539,0.6300000000000003,39
4869,0.6640000000000004,42
5239,0.6640000000000004,42
5475,0.5760000000000003,38
5904,0.7220000000000004,45
6140,0.6500000000000004,41
6466,0.6620000000000004,41
6832,0.6620000000000004,41
7069,0.5980000000000003,37
7511,0.7200000000000004,44
7752,0.6680000000000004,40
8078,0.6940000000000004,43
8445,0.6940000000000004,43
8684,0.6260000000000003,39
9114,0.7260000000000004,43
Known optimum reached.
Time,Quality,AMs
102,0.6500000000000004,43
361,0.5940000000000003,39
876,0.7040000000000004,42
1136,0.6520000000000004,38
1488,0.7040000000000004,42
1886,0.7040000000000004,42
2130,0.6160000000000003,38
2584,0.7260000000000004,43
Known optimum reached.
Time,Quality,AMs
108,0.6320000000000003,40
358,0.5840000000000002,36
835,0.7020000000000004,43
1092,0.6500000000000004,39
1431,0.7020000000000004,43
1850,0.7020000000000004,43
2102,0.6540000000000004,39
2576,0.7260000000000004,45
Known optimum reached.
Time,Quality,AMs
106,0.6100000000000003,39
371,0.5660000000000003,35
842,0.7080000000000005,44
1104,0.6440000000000003,40
1449,0.6440000000000003,40
1846,0.6440000000000003,40
2098,0.5800000000000003,36
2555,0.7160000000000004,44
2806,0.6640000000000004,40
3140,0.6640000000000004,40
3518,0.6640000000000004,40
3752,0.5880000000000003,36
4182,0.7260000000000004,45
