Known optimum reached.
Time,Quality,AMs
79,0.2533187354591488,16
1108,0.2533187354591488,16
2069,0.2533187354591488,16
3049,0.25482414123443275,16
3800,0.25482414123443275,16
4850,0.25482414123443275,16
5919,0.25482414123443275,16
6759,0.25482414123443275,16
7917,0.25482414123443275,16
9085,0.2553715615163541,15
Known optimum reached.
Time,Quality,AMs
85,0.2553715615163541,15
Known optimum reached.
Time,Quality,AMs
42,0.2530450253181879,16
805,0.2530450253181879,16
1755,0.2530450253181879,16
2730,0.2546872861639523,15
3469,0.2546872861639523,15
4496,0.2546872861639523,15
5565,0.2546872861639523,15
6367,0.2546872861639523,15
7486,0.2546872861639523,15
8643,0.2553715615163541,15
Known optimum reached.
Time,Quality,AMs
45,0.2538661557410702,16
814,0.2538661557410702,16
1754,0.2538661557410702,16
2729,0.25413986588203097,16
3472,0.25413986588203097,16
4506,0.25413986588203097,16
5566,0.25537156151635415,15
Known optimum reached.
Time,Quality,AMs
81,0.2545504310934719,16
807,0.2545504310934719,16
1769,0.2545504310934719,16
2760,0.25455043109347203,16
3513,0.25455043109347203,16
4576,0.25455043109347203,16
5656,0.2553715615163541,15
Known optimum reached.
Time,Quality,AMs
44,0.2541398658820308,15
817,0.2541398658820308,15
1780,0.2541398658820308,15
2763,0.2553715615163541,15
Known optimum reached.
Time,Quality,AMs
93,0.2533187354591487,15
798,0.2533187354591487,15
1749,0.2533187354591487,15
2726,0.2546872861639523,15
3469,0.2546872861639523,15
4509,0.2546872861639523,15
5575,0.2553715615163541,15
Known optimum reached.
Time,Quality,AMs
51,0.2540030108115504,15
800,0.2540030108115504,15
1778,0.2540030108115504,15
2755,0.2546872861639523,15
3501,0.2546872861639523,15
4547,0.2546872861639523,15
5598,0.2553715615163541,15
Known optimum reached.
Time,Quality,AMs
44,0.25427672095251114,15
806,0.25427672095251114,15
1774,0.25427672095251114,15
2762,0.2553715615163541,15
Maximum time exceeded.
Time,Quality,AMs
38,0.25372930067058974,16
774,0.25372930067058974,16
1751,0.25372930067058974,16
2763,0.25482414123443275,16
3549,0.25482414123443275,16
4627,0.25482414123443275,16
5740,0.25482414123443275,16
6585,0.25482414123443275,16
7755,0.25482414123443275,16
8952,0.25482414123443275,16
9833,0.25482414123443275,16
Known optimum reached.
Time,Quality,AMs
34,0.253455590529629,15
773,0.253455590529629,15
1755,0.253455590529629,15
2759,0.2553715615163541,15
Known optimum reached.
Time,Quality,AMs
44,0.25468728616395225,15
828,0.2546872861639523,15
1774,0.2546872861639523,15
2741,0.2553715615163541,15
Known optimum reached.
Time,Quality,AMs
34,0.25263446010674684,15
784,0.25263446010674684,15
1743,0.25263446010674684,15
2720,0.25537156151635415,15
Known optimum reached.
Time,Quality,AMs
89,0.25537156151635404,15
Known optimum reached.
Time,Quality,AMs
40,0.2538661557410702,16
810,0.25386615574107024,16
1777,0.25386615574107024,16
2764,0.25482414123443275,16
3527,0.25482414123443275,16
4576,0.25482414123443275,16
5660,0.2553715615163541,15
Known optimum reached.
Time,Quality,AMs
34,0.2546872861639522,15
775,0.2546872861639522,15
1767,0.2546872861639522,15
2793,0.25537156151635415,15
Known optimum reached.
Time,Quality,AMs
42,0.25441357602299147,15
830,0.25441357602299147,15
1795,0.25441357602299147,15
2777,0.2544135760229916,15
3541,0.2544135760229916,15
4602,0.2544135760229916,15
5683,0.2553715615163541,15
Known optimum reached.
Time,Quality,AMs
81,0.2533187354591487,15
779,0.2533187354591487,15
1694,0.2533187354591487,15
2636,0.2545504310934719,15
3371,0.2545504310934719,15
4365,0.2545504310934719,15
5402,0.2553715615163541,15
Known optimum reached.
Time,Quality,AMs
80,0.2541398658820309,16
1086,0.2541398658820309,16
2048,0.2541398658820309,16
3039,0.25482414123443275,16
3793,0.25482414123443275,16
4847,0.25482414123443275,16
5926,0.25482414123443275,16
6758,0.25482414123443275,16
7906,0.25482414123443275,16
9075,0.2553715615163541,15
Known optimum reached.
Time,Quality,AMs
38,0.25468728616395225,15
767,0.25468728616395225,15
1738,0.25468728616395225,15
2731,0.25537156151635415,15
